   1.0000000e+00   0.0000000e+00
   2.0000000e+00   0.0000000e+00
   3.0000000e+00   0.0000000e+00
   4.0000000e+00   0.0000000e+00
   5.0000000e+00   0.0000000e+00
   6.0000000e+00   0.0000000e+00
   7.0000000e+00   0.0000000e+00
   8.0000000e+00   0.0000000e+00
   9.0000000e+00   0.0000000e+00
   1.0000000e+01   0.0000000e+00
   1.1000000e+01   0.0000000e+00
   1.2000000e+01   0.0000000e+00
   1.5000000e+01   0.0000000e+00
   1.6000000e+01   0.0000000e+00
   1.7000000e+01   0.0000000e+00
   1.8000000e+01   0.0000000e+00
   1.9000000e+01   0.0000000e+00
   2.0000000e+01   0.0000000e+00
   2.1000000e+01   0.0000000e+00
   2.2000000e+01   0.0000000e+00
   2.3000000e+01   0.0000000e+00
   2.4000000e+01   0.0000000e+00
   2.5000000e+01   0.0000000e+00
   2.6000000e+01   0.0000000e+00
   2.7000000e+01   0.0000000e+00
   2.8000000e+01   0.0000000e+00
   2.9000000e+01   0.0000000e+00
   3.0000000e+01   0.0000000e+00
   3.1000000e+01   0.0000000e+00
   3.2000000e+01   5.6666667e+01
   3.3000000e+01   5.8000000e+01
   3.4000000e+01   5.9200000e+01
   3.5000000e+01   5.7600000e+01
   3.6000000e+01   5.5300000e+01
   3.7000000e+01   5.5600000e+01
   3.8000000e+01   5.8033333e+01
   3.9000000e+01   6.1900000e+01
   4.0000000e+01   6.4466667e+01
   4.1000000e+01   6.4633333e+01
   4.2000000e+01   6.4266667e+01
   4.3000000e+01   6.2733333e+01
   4.4000000e+01   6.0100000e+01
   4.5000000e+01   5.9733333e+01
   4.6000000e+01   5.9700000e+01
   4.7000000e+01   5.9366667e+01
   4.8000000e+01   6.0466667e+01
   4.9000000e+01   6.2266667e+01
   5.0000000e+01   6.3900000e+01
   5.1000000e+01   6.4233333e+01
   5.2000000e+01   6.3966667e+01
   5.3000000e+01   6.4800000e+01
   5.4000000e+01   6.5033333e+01
   5.5000000e+01   6.4900000e+01
   5.6000000e+01   6.4333333e+01
   5.7000000e+01   6.4933333e+01
   5.8000000e+01   6.6200000e+01
   5.9000000e+01   6.8933333e+01
   6.0000000e+01   6.8366667e+01
   6.1000000e+01   6.7933333e+01
   6.2000000e+01   6.7666667e+01
   6.3000000e+01   6.7066667e+01
   6.4000000e+01   6.6666667e+01
   6.5000000e+01   6.5466667e+01
   6.6000000e+01   6.5700000e+01
   6.7000000e+01   6.5600000e+01
   6.8000000e+01   6.4233333e+01
   6.9000000e+01   6.1066667e+01
   7.0000000e+01   5.9100000e+01
   7.1000000e+01   5.9033333e+01
   7.2000000e+01   5.8466667e+01
   7.3000000e+01   5.7700000e+01
   7.4000000e+01   5.7566667e+01
   7.5000000e+01   5.7466667e+01
   7.6000000e+01   5.7933333e+01
   7.7000000e+01   5.7600000e+01
   7.8000000e+01   5.6033333e+01
   7.9000000e+01   5.4466667e+01
   8.0000000e+01   5.3366667e+01
   8.1000000e+01   5.2333333e+01
   8.2000000e+01   5.1200000e+01
   8.3000000e+01   5.0600000e+01
   8.4000000e+01   5.0700000e+01
   8.5000000e+01   5.0900000e+01
   8.6000000e+01   5.1333333e+01
   8.7000000e+01   5.0500000e+01
   8.8000000e+01   5.0633333e+01
   8.9000000e+01   4.9466667e+01
   9.0000000e+01   5.1200000e+01
   9.1000000e+01   5.2633333e+01
   9.2000000e+01   5.3366667e+01
   9.3000000e+01   5.2666667e+01
   9.4000000e+01   5.1633333e+01
   9.5000000e+01   5.1166667e+01
   9.6000000e+01   5.1200000e+01
   9.7000000e+01   5.1600000e+01
   9.8000000e+01   5.1133333e+01
   9.9000000e+01   5.1100000e+01
   1.0000000e+02   5.1700000e+01
   1.0100000e+02   5.2233333e+01
   1.0200000e+02   5.3366667e+01
   1.0300000e+02   5.4166667e+01
   1.0400000e+02   5.4633333e+01
   1.0500000e+02   5.5000000e+01
   1.0600000e+02   5.5066667e+01
   1.0700000e+02   5.6333333e+01
   1.0800000e+02   5.6900000e+01
   1.0900000e+02   5.6700000e+01
   1.1000000e+02   5.6066667e+01
   1.1100000e+02   5.6366667e+01
   1.1200000e+02   5.6333333e+01
   1.1300000e+02   5.5433333e+01
   1.1400000e+02   5.4533333e+01
   1.1500000e+02   5.4166667e+01
   1.1600000e+02   5.3400000e+01
   1.1700000e+02   5.3133333e+01
   1.1800000e+02   5.1966667e+01
   1.1900000e+02   5.1300000e+01
   1.2000000e+02   4.9666667e+01
   1.2100000e+02   4.7833333e+01
   1.2200000e+02   4.6800000e+01
   1.2300000e+02   4.6566667e+01
   1.2400000e+02   4.6800000e+01
   1.2500000e+02   4.6333333e+01
   1.2600000e+02   4.5733333e+01
   1.2700000e+02   4.4966667e+01
   1.2800000e+02   4.4166667e+01
   1.2900000e+02   4.3633333e+01
   1.3000000e+02   4.2566667e+01
   1.3100000e+02   4.1800000e+01
   1.3200000e+02   4.1600000e+01
   1.3300000e+02   4.1166667e+01
   1.3400000e+02   4.0966667e+01
   1.3500000e+02   4.0466667e+01
   1.3600000e+02   4.0033333e+01
   1.3700000e+02   3.9200000e+01
   1.3800000e+02   3.8800000e+01
   1.3900000e+02   3.8400000e+01
   1.4000000e+02   3.8300000e+01
   1.4100000e+02   3.7600000e+01
   1.4200000e+02   3.7233333e+01
   1.4300000e+02   3.7433333e+01
   1.4400000e+02   3.8133333e+01
   1.4500000e+02   3.8633333e+01
   1.4600000e+02   3.9833333e+01
   1.4700000e+02   4.0133333e+01
   1.4800000e+02   4.0066667e+01
   1.4900000e+02   4.2466667e+01
   1.5000000e+02   4.6033333e+01
   1.5100000e+02   4.6533333e+01
   1.5200000e+02   4.7133333e+01
   1.5300000e+02   4.6933333e+01
   1.5400000e+02   4.5733333e+01
   1.5500000e+02   4.5400000e+01
   1.5700000e+02   4.7433333e+01
   1.5800000e+02   4.8800000e+01
   1.5900000e+02   4.9633333e+01
   1.6000000e+02   5.0933333e+01
   1.6100000e+02   5.2033333e+01
   1.6200000e+02   5.2300000e+01
   1.6300000e+02   5.2700000e+01
   1.6400000e+02   5.4066667e+01
   1.6500000e+02   5.4566667e+01
   1.6600000e+02   5.5066667e+01
   1.6700000e+02   5.5033333e+01
   1.6800000e+02   5.5733333e+01
   1.6900000e+02   5.6866667e+01
   1.7000000e+02   5.7500000e+01
   1.7100000e+02   5.8700000e+01
   1.7200000e+02   5.9300000e+01
   1.7300000e+02   6.0400000e+01
   1.7400000e+02   6.1533333e+01
   1.7500000e+02   6.2033333e+01
   1.7600000e+02   6.1866667e+01
   1.7700000e+02   6.1833333e+01
   1.7800000e+02   6.2800000e+01
   1.7900000e+02   6.3833333e+01
   1.8000000e+02   6.1666667e+01
   1.8100000e+02   5.9533333e+01
   1.8200000e+02   6.0566667e+01
   1.8300000e+02   6.0966667e+01
   1.8400000e+02   6.1400000e+01
   1.8500000e+02   6.1966667e+01
   1.8600000e+02   6.2433333e+01
   1.8700000e+02   6.1066667e+01
   1.8800000e+02   6.2300000e+01
   1.8900000e+02   6.2266667e+01
   1.9000000e+02   6.2700000e+01
   1.9100000e+02   6.2100000e+01
   1.9200000e+02   6.3266667e+01
   1.9300000e+02   6.3966667e+01
   1.9400000e+02   6.5600000e+01
   1.9500000e+02   6.6866667e+01
   1.9600000e+02   6.7833333e+01
   1.9700000e+02   6.9866667e+01
   1.9800000e+02   6.9766667e+01
   1.9900000e+02   6.8633333e+01
   2.0000000e+02   6.8833333e+01
   2.0100000e+02   7.1500000e+01
   2.0200000e+02   7.4333333e+01
   2.0300000e+02   7.6200000e+01
   2.0400000e+02   7.7000000e+01
   2.0500000e+02   7.7266667e+01
   2.0600000e+02   7.7633333e+01
   2.0700000e+02   7.8566667e+01
   2.0800000e+02   7.8266667e+01
   2.0900000e+02   7.7733333e+01
   2.1000000e+02   7.7800000e+01
   2.1100000e+02   7.7033333e+01
   2.1200000e+02   7.7000000e+01
   2.1300000e+02   7.8700000e+01
   2.1400000e+02   8.0933333e+01
   2.1500000e+02   8.2866667e+01
   2.1600000e+02   8.4866667e+01
   2.1700000e+02   8.5300000e+01
   2.1800000e+02   8.4500000e+01
   2.1900000e+02   8.5633333e+01
   2.2000000e+02   8.6033333e+01
   2.2100000e+02   8.8166667e+01
   2.2200000e+02   8.9500000e+01
   2.2300000e+02   8.8433333e+01
   2.2400000e+02   8.5500000e+01
   2.2600000e+02   8.4133333e+01
   2.2700000e+02   8.4566667e+01
   2.2800000e+02   8.4100000e+01
   2.2900000e+02   8.6166667e+01
   2.3000000e+02   8.8566667e+01
   2.3100000e+02   8.8366667e+01
   2.3200000e+02   8.4766667e+01
   2.3300000e+02   8.1700000e+01
   2.3400000e+02   7.9733333e+01
   2.3500000e+02   7.9766667e+01
   2.3600000e+02   7.9566667e+01
   2.3700000e+02   7.9400000e+01
   2.3800000e+02   7.8800000e+01
   2.3900000e+02   8.0066667e+01
   2.4000000e+02   8.1933333e+01
   2.4100000e+02   8.2833333e+01
   2.4200000e+02   8.2900000e+01
   2.4300000e+02   8.2600000e+01
   2.4400000e+02   8.0333333e+01
   2.4500000e+02   7.9933333e+01
   2.4600000e+02   7.7666667e+01
   2.4700000e+02   7.5400000e+01
   2.4800000e+02   7.4166667e+01
   2.4900000e+02   7.4333333e+01
   2.5000000e+02   7.5233333e+01
   2.5100000e+02   7.5866667e+01
   2.5200000e+02   7.6200000e+01
   2.5300000e+02   7.3500000e+01
   2.5400000e+02   7.4200000e+01
   2.5500000e+02   7.5500000e+01
   2.5600000e+02   7.5433333e+01
   2.5700000e+02   7.4233333e+01
   2.5800000e+02   7.5066667e+01
   2.5900000e+02   7.2766667e+01
   2.6000000e+02   7.0366667e+01
   2.6100000e+02   6.9600000e+01
   2.6200000e+02   7.0300000e+01
   2.6300000e+02   7.2166667e+01
   2.6600000e+02   7.4700000e+01
   2.6700000e+02   7.6366667e+01
   2.6800000e+02   7.7900000e+01
   2.6900000e+02   7.8666667e+01
   2.7000000e+02   7.9766667e+01
   2.7100000e+02   7.8766667e+01
   2.7200000e+02   7.6633333e+01
   2.7300000e+02   7.5000000e+01
   2.7400000e+02   7.4033333e+01
   2.7500000e+02   7.3633333e+01
   2.7600000e+02   7.4666667e+01
   2.7700000e+02   7.3366667e+01
   2.7900000e+02   7.5766667e+01
   2.8000000e+02   7.6333333e+01
   2.8100000e+02   7.8633333e+01
   2.8200000e+02   7.6666667e+01
   2.8400000e+02   7.4033333e+01
   2.8500000e+02   7.1133333e+01
   2.8600000e+02   6.8233333e+01
   2.8700000e+02   6.8000000e+01
   2.8800000e+02   6.6700000e+01
   2.8900000e+02   6.5733333e+01
   2.9000000e+02   6.5300000e+01
   2.9100000e+02   6.5133333e+01
   2.9200000e+02   6.2566667e+01
   2.9300000e+02   6.2733333e+01
   2.9400000e+02   6.3033333e+01
   2.9500000e+02   6.3166667e+01
   2.9600000e+02   6.3700000e+01
   2.9700000e+02   6.3300000e+01
   2.9800000e+02   6.0433333e+01
   2.9900000e+02   5.7033333e+01
   3.0000000e+02   5.4600000e+01
   3.0100000e+02   5.4400000e+01
   3.0200000e+02   5.2733333e+01
   3.0300000e+02   5.2566667e+01
   3.0400000e+02   5.3066667e+01
   3.0500000e+02   5.2233333e+01
   3.0600000e+02   5.1966667e+01
   3.0700000e+02   5.1133333e+01
   3.0800000e+02   4.9566667e+01
   3.0900000e+02   4.9533333e+01
   3.1000000e+02   4.7600000e+01
   3.1100000e+02   4.7000000e+01
   3.1200000e+02   4.5466667e+01
   3.1400000e+02   4.5733333e+01
   3.1500000e+02   4.5800000e+01
   3.1600000e+02   4.5900000e+01
   3.1700000e+02   4.6133333e+01
   3.1800000e+02   4.7133333e+01
   3.1900000e+02   4.9700000e+01
   3.2000000e+02   5.1700000e+01
   3.2100000e+02   5.3700000e+01
   3.2200000e+02   5.3433333e+01
   3.2300000e+02   5.3666667e+01
   3.2400000e+02   5.2900000e+01
   3.2500000e+02   5.2633333e+01
   3.2600000e+02   5.2266667e+01
   3.2700000e+02   5.1033333e+01
   3.2800000e+02   4.9500000e+01
   3.2900000e+02   4.9500000e+01
   3.3000000e+02   4.9666667e+01
   3.3100000e+02   4.9700000e+01
   3.3200000e+02   4.8866667e+01
   3.3300000e+02   4.9300000e+01
   3.3400000e+02   4.8800000e+01
   3.3500000e+02   4.8300000e+01
   3.3600000e+02   4.9633333e+01
   3.3700000e+02   4.9700000e+01
   3.3800000e+02   5.0333333e+01
   3.3900000e+02   5.1866667e+01
   3.4000000e+02   5.1633333e+01
   3.4100000e+02   5.1066667e+01
   3.4200000e+02   5.1000000e+01
   3.4300000e+02   5.0066667e+01
   3.4400000e+02   4.9766667e+01
   3.4500000e+02   5.2766667e+01
   3.4600000e+02   5.2766667e+01
   3.4700000e+02   5.2533333e+01
   3.4800000e+02   5.1533333e+01
   3.4900000e+02   4.9066667e+01
   3.5000000e+02   4.6533333e+01
   3.5100000e+02   4.4933333e+01
   3.5800000e+02   4.4700000e+01
   3.5900000e+02   4.4433333e+01
   3.6000000e+02   4.4033333e+01
   3.6100000e+02   4.3900000e+01
   3.6200000e+02   4.4066667e+01
   3.6300000e+02   4.4233333e+01
   3.6400000e+02   4.4466667e+01
